0 0.000000
1 761.000000
2 9.490000
3 3.746175
4 1.775509
5 0.895931
6 0.431299
7 0.195665
8 0.066716
9 0.009258
10 0.000000
11 0.000000
12 0.000000
13 0.000271
14 0.001655
15 0.005250
16 0.010372
17 0.022402
18 0.040982
19 0.061889
20 0.087170
21 0.113868
22 0.147355
23 0.183799
24 0.222008
25 0.263574
26 0.309729
27 0.355359
28 0.403650
29 0.456001
30 0.515760
31 0.576391
32 0.636389
33 0.697349
34 0.757691
35 0.817770
36 0.879800
37 0.941741
38 1.001794
39 1.062544
40 1.124523
41 1.186617
42 1.247282
43 1.307589
44 1.368532
45 1.428792
46 1.488088
47 1.546205
48 1.603885
49 1.661222
50 1.717379
51 1.774419
52 1.831842
53 1.887670
54 1.944819
55 2.004597
56 2.065072
57 2.124022
58 2.184142
59 2.244859
60 2.305546
61 2.369241
62 2.434734
63 2.498276
64 2.561516
65 2.622796
66 2.681772
67 2.739051
68 2.797840
69 2.854992
70 2.913873
71 2.973060
72 3.030460
73 3.085797
74 3.139637
75 3.193924
76 3.254590
77 3.313420
78 3.369859
79 3.424007
80 3.478469
81 3.531258
82 3.583924
83 3.636261
84 3.690373
85 3.744304
86 3.795766
87 3.846110
88 3.895070
89 3.942742
90 3.993150
91 4.043046
92 4.090430
93 4.135469
94 4.180675
95 4.225327
96 4.268593
97 4.309996
98 4.350086
99 4.390050
100 4.428960
101 4.468123
102 4.510617
103 4.555454
104 4.600441
105 4.647047
106 4.693440
107 4.738432
108 4.782007
109 4.824056
110 4.864559
111 4.903423
112 4.942443
113 4.981814
114 5.021041
115 5.059126
116 5.097409
117 5.135227
118 5.172991
119 5.211428
120 5.251577
121 5.289995
122 5.326565
123 5.361449
124 5.397704
125 5.435364
126 5.475017
127 5.513098
128 5.550249
129 5.590823
130 5.631307
131 5.670105
132 5.707367
133 5.744072
134 5.780172
135 5.814852
136 5.849265
137 5.883824
138 5.917973
139 5.950884
140 5.982567
141 6.012972
142 6.042137
143 6.071299
144 6.102107
145 6.132913
146 6.162389
147 6.190651
148 6.217898
149 6.243965
150 6.268791
151 6.292466
152 6.316885
153 6.340699
154 6.363503
155 6.385752
156 6.408263
157 6.437708
158 6.467837
159 6.497339
160 6.525751
161 6.553140
162 6.579472
163 6.604766
164 6.633173
165 6.666021
166 6.697734
167 6.728183
168 6.759396
169 6.789356
170 6.819363
171 6.847729
172 6.876958
173 6.904935
174 6.934057
175 6.962957
176 6.989576
177 7.014023
178 7.036425
179 7.058934
180 7.080171
181 7.102817
182 7.128786
183 7.156585
184 7.182036
185 7.205280
186 7.226404
187 7.245473
188 7.262609
189 7.279279
190 7.298983
191 7.317093
192 7.336514
193 7.357060
194 7.379634
195 7.403834
196 7.428496
197 7.454881
198 7.479305
199 7.505819
200 7.533800
201 7.567757
202 7.599653
203 7.636523
204 7.676067
205 7.713515
206 7.748981
207 7.782490
208 7.814807
209 7.846652
210 7.876774
211 7.905267
212 7.935501
213 7.965145
214 7.992976
215 8.019100
216 8.043615
217 8.066860
218 8.089702
219 8.111631
220 8.134860
221 8.160223
222 8.189704
223 8.220798
224 8.251244
225 8.279948
226 8.306988
227 8.332434
228 8.356948
229 8.380102
230 8.401844
231 8.422233
232 8.441345
233 8.461839
234 8.481738
235 8.500993
236 8.519092
237 8.536096
238 8.553478
239 8.569913
240 8.585088
241 8.599071
242 8.615475
243 8.634807
244 8.653433
245 8.671895
246 8.690077
247 8.706319
248 8.723342
249 8.741977
250 8.759030
251 8.774292
252 8.787866
253 8.803202
254 8.818724
255 8.835894
256 8.852557
257 8.867328
258 8.885329
259 8.904195
260 8.924018
261 8.941877
262 8.962230
263 8.981435
264 8.998888
265 9.014848
266 9.029997
267 9.048084
268 9.063553
269 9.080129
270 9.097150
271 9.112103
272 9.124884
273 9.135641
274 9.145051
275 9.154048
276 9.161280
277 9.166856
278 9.171077
279 9.178641
280 9.184732
281 9.189126
282 9.191884
283 9.193097
284 9.192857
285 9.191244
286 9.188323
287 9.187744
288 9.190595
289 9.195189
290 9.198295
291 9.199685
292 9.199880
293 9.205686
294 9.215991
295 9.226377
296 9.237897
297 9.247300
298 9.254666
299 9.260080
300 9.263567
301 9.265229
302 9.267015
303 9.271014
304 9.273032
305 9.279929
306 9.285010
307 9.290668
308 9.294370
309 9.296408
310 9.297340
311 9.299002
312 9.305785
313 9.313751
314 9.322458
315 9.329326
316 9.334460
317 9.339493
318 9.345622
319 9.355325
320 9.367965
321 9.379158
322 9.388731
323 9.397163
324 9.406842
325 9.416815
326 9.426347
327 9.434457
328 9.441164
329 9.446517
330 9.456072
331 9.467064
332 9.476098
333 9.483187
334 9.489251
335 9.498288
336 9.505746
337 9.513124
338 9.518810
339 9.522534
340 9.524878
341 9.526842
342 9.529556
343 9.530646
344 9.533666
345 9.537754
346 9.543492
347 9.546962
348 9.548129
349 9.547074
350 9.546776
351 9.546162
352 9.549637
353 9.550920
354 9.549380
355 9.548021
356 9.548958
357 9.547028
358 9.542285
359 9.535846
360 9.531782
361 9.525332
362 9.517310
363 9.511239
364 9.504632
365 9.496002
366 9.484994
367 9.471796
368 9.457672
369 9.446349
370 9.433616
371 9.422651
372 9.412632
373 9.401933
374 9.391130
375 9.381493
376 9.372300
377 9.360873
378 9.348448
379 9.335650
380 9.322373
381 9.311771
382 9.302781
383 9.294809
384 9.284689
385 9.272604
386 9.258729
387 9.243223
388 9.226484
389 9.209386
390 9.190960
391 9.171820
392 9.155372
393 9.142750
394 9.136039
395 9.127953
396 9.120306
397 9.116880
398 9.116901
399 9.116415
400 9.118229
401 9.120196
402 9.125493
403 9.133306
404 9.140362
405 9.150633
406 9.164903
407 9.177427
408 9.187470
409 9.195849
410 9.207427
411 9.217432
412 9.226210
413 9.232972
414 9.236593
415 9.237131
416 9.234745
417 9.230255
418 9.227292
419 9.227171
420 9.226022
421 9.225894
422 9.223215
423 9.218115
424 9.210727
425 9.205894
426 9.204241
427 9.200955
428 9.197722
429 9.193785
430 9.187871
431 9.181064
432 9.175964
433 9.173845
434 9.176883
435 9.186340
436 9.197769
437 9.210892
438 9.224717
439 9.236144
440 9.245962
441 9.255936
442 9.265371
443 9.279111
444 9.302044
445 9.326974
446 9.355132
447 9.381213
448 9.405246
449 9.427367
450 9.447700
451 9.466526
452 9.491954
453 9.520097
454 9.551322
455 9.583386
456 9.613467
457 9.644525
458 9.673497
459 9.704875
460 9.735250
461 9.766168
462 9.795067
463 9.822102
464 9.848520
465 9.872881
466 9.894835
467 9.914558
468 9.934803
469 9.956064
470 9.975354
471 9.994468
472 10.017703
473 10.041326
474 10.067393
475 10.093749
476 10.117596
477 10.142619
478 10.166279
479 10.190294
480 10.214415
481 10.241215
482 10.265813
483 10.288238
484 10.308632
485 10.327604
486 10.351197
487 10.376430
488 10.402501
489 10.426427
490 10.448027
491 10.467060
492 10.483506
493 10.497518
494 10.509530
495 10.525914
496 10.540041
497 10.557946
498 10.575757
499 10.594003
500 10.610070
501 10.624093
502 10.636010
503 10.647961
504 10.668647
505 10.690461
506 10.711267
507 10.729817
508 10.747108
509 10.767072
510 10.786559
511 10.810460
512 10.834443
513 10.856118
514 10.875607
515 10.893024
516 10.908441
517 10.921891
518 10.935697
519 10.951244
520 10.965015
521 10.978723
522 10.994103
523 11.008503
524 11.026145
525 11.043951
526 11.059749
527 11.080185
528 11.099708
529 11.117142
530 11.132480
531 11.145786
532 11.162589
533 11.177638
534 11.190819
535 11.202191
536 11.214546
537 11.227544
538 11.238510
539 11.257020
540 11.279365
541 11.302849
542 11.323656
543 11.341907
544 11.357718
545 11.377630
546 11.396562
547 11.412618
548 11.425947
549 11.438165
550 11.451431
551 11.467493
552 11.482873
553 11.495963
554 11.511610
555 11.527224
556 11.540387
557 11.551229
558 11.559875
559 11.566235
560 11.570356
561 11.572368
562 11.572392
563 11.571302
564 11.571749
565 11.576938
566 11.580709
567 11.582490
568 11.588974
569 11.595861
570 11.601263
571 11.606669
572 11.614008
573 11.623453
574 11.631168
575 11.637241
576 11.642417
577 11.648942
578 11.661466
579 11.673241
580 11.685560
581 11.695423
582 11.706170
583 11.717286
584 11.726782
585 11.739084
586 11.748499
587 11.759097
588 11.771405
589 11.785674
590 11.799362
591 11.811332
592 11.823923
593 11.834951
594 11.843447
595 11.850234
596 11.858665
597 11.864452
598 11.871041
599 11.875292
600 11.885661
601 11.897322
602 11.907055
603 11.914717
604 11.920052
605 11.923146
606 11.924127
607 11.923902
608 11.930400
609 11.938656
610 11.944329
611 11.947597
612 11.954979
613 11.967692
614 11.976903
615 11.983620
616 11.990943
617 11.994914
618 11.995776
619 11.993762
620 11.989086
621 11.981952
622 11.972550
623 11.966035
624 11.957285
625 11.946435
626 11.939126
627 11.929321
628 11.917211
629 11.902973
630 11.886773
631 11.868769
632 11.849106
633 11.828392
634 11.808328
635 11.786748
636 11.764458
637 11.745181
638 11.729204
639 11.712238
640 11.699704
641 11.690069
642 11.683550
643 11.679865
644 11.674034
645 11.671346
646 11.666230
647 11.658863
648 11.649412
649 11.637857
650 11.624346
651 11.608790
652 11.591140
653 11.571470
654 11.549665
655 11.525898
656 11.501998
657 11.479462
658 11.461502
659 11.449536
660 11.435543
661 11.422805
662 11.408781
663 11.392586
664 11.374372
665 11.363775
666 11.352103
667 11.338951
668 11.325588
669 11.310697
670 11.294029
671 11.276131
672 11.261200
673 11.249212
674 11.235509
675 11.219959
676 11.202644
677 11.183896
678 11.165862
679 11.146004
680 11.124303
681 11.100729
682 11.075235
683 11.048376
684 11.020820
685 10.991735
686 10.962818
687 10.935094
688 10.909405
689 10.882234
690 10.856918
691 10.830149
692 10.802075
693 10.772753
694 10.745352
695 10.724189
696 10.701418
697 10.679180
698 10.658190
699 10.644117
700 10.632672
701 10.625885
702 10.620747
703 10.613382
704 10.603992
705 10.595524
706 10.589068
707 10.585691
708 10.590680
709 10.596335
710 10.599346
711 10.599655
712 10.601313
713 10.600531
714 10.598387
715 10.593981
716 10.603504
717 10.613269
718 10.622451
719 10.636605
720 10.653600
721 10.668593
722 10.682373
723 10.702295
724 10.724434
725 10.743304
726 10.759110
727 10.772044
728 10.782900
729 10.793363
730 10.802670
731 10.813702
732 10.830197
733 10.844675
734 10.855855
735 10.865612
736 10.872923
737 10.880272
738 10.889849
739 10.896547
740 10.900708
741 10.903212
742 10.906710
743 10.912204
744 10.919743
745 10.930524
746 10.941474
747 10.950382
748 10.956116
749 10.958835
750 10.961275
751 10.961716
752 10.962180
753 10.961062
754 10.957341
755 10.953484
756 10.952642
757 10.949531
758 10.943973
759 10.935861
760 10.925936
761 10.921752
762 10.917561
763 10.914184
764 10.910315
765 10.908818
766 10.908430
767 10.909950
768 10.908172
769 10.905764
770 10.907572
771 10.910624
772 10.912920
773 10.917401
774 10.922842
775 10.929365
776 10.935055
777 10.945545
778 10.955829
779 10.965874
780 10.973311
781 10.977476
782 10.978593
783 10.979507
784 10.980571
785 10.981428
786 10.983165
787 10.983804
788 10.983721
789 10.985349
790 10.983649
791 10.978870
792 10.973824
793 10.978064
794 10.986812
795 10.993616
796 10.998230
797 11.001168
798 11.008869
799 11.016069
800 11.025090
801 11.039221
802 11.051973
803 11.063255
804 11.073403
805 11.080727
806 11.088531
807 11.097511
808 11.105105
809 11.110067
810 11.112818
811 11.122966
812 11.134929
813 11.148328
814 11.162939
815 11.178465
816 11.196198
817 11.213123
818 11.228638
819 11.244048
820 11.257430
821 11.268931
822 11.283841
823 11.295773
824 11.304948
825 11.314938
826 11.322740
827 11.328236
828 11.332374
829 11.342157
830 11.354456
831 11.366444
832 11.375723
833 11.383378
834 11.390273
835 11.398116
836 11.402937
837 11.404957
838 11.404380
839 11.401395
840 11.398992
841 11.400979
842 11.401311
843 11.401366
844 11.399155
845 11.394858
846 11.388542
847 11.384122
848 11.380748
849 11.378733
850 11.374858
851 11.380026
852 11.389152
853 11.395390
854 11.398782
855 11.400863
856 11.403773
857 11.415014
858 11.424216
859 11.432839
860 11.439956
861 11.453170
862 11.467266
863 11.477963
864 11.485463
865 11.493507
866 11.499047
867 11.503000
868 11.506227
869 11.509916
870 11.520945
871 11.529388
872 11.533200
873 11.534015
874 11.540798
875 11.549032
876 11.558175
877 11.567465
878 11.573968
879 11.576034
880 11.573944
881 11.568080
882 11.564342
883 11.558288
884 11.557729
885 11.556513
886 11.552569
887 11.544732
888 11.536469
889 11.524893
890 11.510012
891 11.499139
892 11.486944
893 11.477907
894 11.467111
895 11.456287
896 11.446332
897 11.437708
898 11.434564
899 11.435297
900 11.432749
901 11.432938
902 11.436026
903 11.437192
904 11.437589
905 11.435466
906 11.430635
907 11.423466
908 11.421005
909 11.416155
910 11.409038
911 11.398802
912 11.385660
913 11.369627
914 11.352157
915 11.332054
916 11.309474
917 11.284595
918 11.257853
919 11.232735
920 11.207575
921 11.181440
922 11.158117
923 11.136573
924 11.123456
925 11.114119
926 11.103325
927 11.090173
928 11.083741
929 11.080457
930 11.075160
931 11.068162
932 11.058243
933 11.050692
934 11.041509
935 11.032581
936 11.023325
937 11.016604
938 11.014843
939 11.011999
940 11.014566
941 11.018037
942 11.021068
943 11.020659
944 11.017091
945 11.010857
946 11.004529
947 11.000791
948 10.996208
949 10.989326
950 10.983154
951 10.975406
952 10.965835
953 10.957141
954 10.950602
955 10.944454
956 10.939381
957 10.933911
958 10.931440
959 10.931737
960 10.932505
961 10.932352
962 10.929438
963 10.926505
964 10.930098
965 10.934767
966 10.944360
967 10.950892
968 10.958629
969 10.966556
970 10.975054
971 10.990627
972 11.007045
973 11.020839
974 11.030977
975 11.038780
976 11.046613
977 11.052432
978 11.059319
979 11.065987
980 11.069881
981 11.073498
982 11.076443
983 11.081336
984 11.085600
985 11.087016
986 11.088271
987 11.090231
988 11.094935
989 11.105511
990 11.114818
991 11.125323
992 11.133898
993 11.139866
994 11.151090
995 11.161031
996 11.168465
997 11.175582
998 11.184050
999 11.206718
