0 0.000000
1 0.000000
2 0.000000
3 0.000000
4 0.000000
5 0.000000
6 0.000000
7 0.000000
8 0.000000
9 0.000000
10 0.000000
11 0.000000
12 0.000000
13 0.000000
14 0.000000
15 0.000000
16 0.000000
17 0.000000
18 0.000000
19 0.000000
20 0.000000
21 0.000000
22 0.000000
23 0.000000
24 0.000000
25 0.000000
26 0.000000
27 0.000000
28 0.000000
29 0.000000
30 0.000000
31 0.000000
32 0.000000
33 0.000000
34 0.000000
35 0.000000
36 0.000000
37 0.000000
38 0.000000
39 0.000000
40 0.000000
41 0.000000
42 0.000000
43 0.000000
44 0.000000
45 0.000000
46 0.000000
47 0.000000
48 0.000000
49 0.000000
50 0.000000
51 0.000000
52 0.000000
53 0.000000
54 0.000000
55 0.000000
56 0.000000
57 0.000000
58 0.000000
59 0.000000
60 0.000000
61 0.000000
62 0.000000
63 0.000000
64 0.000000
65 0.000000
66 0.000000
67 0.000000
68 0.000000
69 0.000000
70 0.000000
71 0.000000
72 0.000000
73 0.000000
74 0.000000
75 0.000000
76 0.000000
77 0.000000
78 0.000000
79 0.000000
80 0.000000
81 0.000000
82 0.000000
83 0.000000
84 0.000000
85 0.000000
86 0.000000
87 0.000000
88 0.000000
89 0.000000
90 0.000000
91 0.000000
92 0.000000
93 0.000000
94 0.000000
95 0.000000
96 0.000000
97 0.000000
98 0.000000
99 0.000000
100 0.000000
101 0.000000
102 0.000000
103 0.000000
104 0.000000
105 0.000000
106 0.000000
107 0.000000
108 0.000000
109 0.000000
110 0.000000
111 0.000000
112 0.000000
113 0.000000
114 0.000000
115 0.000000
116 0.000000
117 0.000000
118 0.000000
119 0.000000
120 0.000000
121 0.000000
122 0.000000
123 0.000000
124 0.000000
125 0.000000
126 0.000000
127 0.000000
128 0.000000
129 0.000000
130 0.000000
131 0.000000
132 0.000000
133 0.000000
134 0.000000
135 0.000000
136 0.000000
137 0.000000
138 0.000000
139 0.000000
140 0.000000
141 0.000000
142 0.000000
143 0.000000
144 0.000000
145 0.000000
146 0.000000
147 0.000000
148 0.000000
149 0.000000
150 0.000000
151 0.000000
152 0.000000
153 0.000000
154 0.000000
155 0.000000
156 0.000000
157 0.000000
158 0.000000
159 0.000000
160 0.000000
161 0.000000
162 0.000000
163 0.000000
164 0.000000
165 0.000000
166 0.000000
167 0.000000
168 0.000000
169 0.000000
170 0.000000
171 0.000000
172 0.000000
173 0.000000
174 0.000000
175 0.000000
176 0.000000
177 0.000000
178 0.000000
179 0.000000
180 0.000000
181 0.000000
182 0.000000
183 0.000000
184 0.000000
185 0.000000
186 0.000000
187 0.000000
188 0.000000
189 0.000000
190 0.000000
191 0.000000
192 0.000000
193 0.000000
194 0.000000
195 0.000000
196 0.000000
197 0.000000
198 0.000000
199 0.000000
200 0.000000
201 0.000000
202 0.000000
203 0.000000
204 0.000000
205 0.000000
206 0.000000
207 0.000000
208 0.000000
209 0.000000
210 0.000000
211 0.000000
212 0.000000
213 0.000000
214 0.000000
215 0.000000
216 0.000000
217 0.000000
218 0.000000
219 0.000000
220 0.000000
221 0.000000
222 0.000000
223 0.000000
224 0.000000
225 0.000000
226 0.000000
227 0.000000
228 0.000000
229 0.000000
230 0.000000
231 0.000000
232 0.000000
233 0.000000
234 0.000000
235 0.000000
236 0.000000
237 0.000000
238 0.000000
239 0.000000
240 0.000000
241 0.000000
242 0.000000
243 0.000000
244 0.000000
245 0.000000
246 0.000000
247 0.000000
248 0.000000
249 0.000000
250 0.000000
251 0.000000
252 0.000000
253 0.000000
254 0.000000
255 0.000000
256 0.000000
257 0.000000
258 0.000000
259 0.000000
260 0.000000
261 0.000000
262 0.000000
263 0.000000
264 0.000000
265 0.000000
266 0.000000
267 0.000000
268 0.000000
269 0.000000
270 0.000000
271 0.000000
272 0.000000
273 0.000000
274 0.000000
275 0.000000
276 0.000000
277 0.000000
278 0.000000
279 0.000000
280 0.000000
281 0.000000
282 0.000000
283 0.000000
284 0.000000
285 0.000000
286 0.000000
287 0.000000
288 0.000000
289 0.000000
290 0.000000
291 0.000000
292 0.000000
293 0.000000
294 0.000000
295 0.000000
296 0.000000
297 0.000000
298 0.000000
299 0.000000
300 0.000000
301 0.000000
302 0.000000
303 0.000000
304 0.000000
305 0.000000
306 0.000000
307 0.000000
308 0.000000
309 0.000000
310 0.000000
311 0.000000
312 0.000000
313 0.000000
314 0.000000
315 0.000000
316 0.000000
317 0.000000
318 0.000000
319 0.000000
320 0.000000
321 0.000000
322 0.000000
323 0.000000
324 0.000000
325 0.000000
326 0.000000
327 0.000000
328 0.000000
329 0.000000
330 0.000000
331 0.000000
332 0.000000
333 0.000000
334 0.000000
335 0.000000
336 0.000000
337 0.000000
338 0.000000
339 0.000000
340 0.000000
341 0.000000
342 0.000000
343 0.000000
344 0.000000
345 0.000000
346 0.000000
347 0.000000
348 0.000000
349 0.000000
350 0.000000
351 0.000000
352 0.000000
353 0.000000
354 0.000000
355 0.000000
356 0.000000
357 0.000000
358 0.000000
359 0.000000
360 0.000000
361 0.000000
362 0.000000
363 0.000000
364 0.000000
365 0.000000
366 0.000000
367 0.000000
368 0.000000
369 0.000000
370 0.000000
371 0.000000
372 0.000000
373 0.000000
374 0.000000
375 0.000000
376 0.000000
377 0.000000
378 0.000000
379 0.000000
380 0.000000
381 0.000000
382 0.000000
383 0.000000
384 0.000000
385 0.000000
386 0.000000
387 0.000000
388 0.000000
389 0.000000
390 0.000000
391 0.000000
392 0.000000
393 0.000000
394 0.000000
395 0.000000
396 0.000000
397 0.000000
398 0.000000
399 0.000000
400 0.000000
401 0.000000
402 0.000000
403 0.000000
404 0.000000
405 0.000000
406 0.000000
407 0.000000
408 0.000000
409 0.000000
410 0.000000
411 0.000000
412 0.000000
413 0.000000
414 0.000000
415 0.000000
416 0.000000
417 0.000000
418 0.000000
419 0.000000
420 0.000000
421 0.000000
422 0.000000
423 0.000000
424 0.000000
425 0.000000
426 0.000000
427 0.000000
428 0.000000
429 0.000000
430 0.000000
431 0.000000
432 0.000000
433 0.000000
434 0.000000
435 0.000000
436 0.000000
437 0.000000
438 0.000000
439 0.000000
440 0.000000
441 0.000000
442 0.000000
443 0.000000
444 0.000000
445 0.000000
446 0.000000
447 0.000000
448 0.000000
449 0.000000
450 0.000000
451 0.000000
452 0.000000
453 0.000000
454 0.000000
455 0.000000
456 0.000000
457 0.000000
458 0.000000
459 0.000000
460 0.000000
461 0.000000
462 0.000000
463 0.000000
464 0.000000
465 0.000000
466 0.000000
467 0.000000
468 0.000000
469 0.000000
470 0.000000
471 0.000000
472 0.000000
473 0.000000
474 0.000000
475 0.000000
476 0.000000
477 0.000000
478 0.000000
479 0.000000
480 0.000000
481 0.000000
482 0.000000
483 0.000000
484 0.000000
485 0.000000
486 0.000000
487 0.000000
488 0.000000
489 0.000000
490 0.000000
491 0.000000
492 0.000000
493 0.000000
494 0.000000
495 0.000000
496 0.000000
497 0.000000
498 0.000000
499 0.000000
500 0.000000
501 0.000000
502 0.000000
503 0.000000
504 0.000000
505 0.000000
506 0.000000
507 0.000000
508 0.000000
509 0.000000
510 0.000000
511 0.000000
512 0.000000
513 0.000000
514 0.000000
515 0.000000
516 0.000000
517 0.000000
518 0.000000
519 0.000000
520 0.000000
521 0.000000
522 0.000000
523 0.000000
524 0.000000
525 0.000000
526 0.000000
527 0.000000
528 0.000000
529 0.000000
530 0.000000
531 0.000000
532 0.000000
533 0.000000
534 0.000000
535 0.000000
536 0.000000
537 0.000000
538 0.000000
539 0.000000
540 0.000000
541 0.000000
542 0.000000
543 0.000000
544 0.000000
545 0.000000
546 0.000000
547 0.000000
548 0.000000
549 0.000000
550 0.000000
551 0.000000
552 0.000000
553 0.000000
554 0.000000
555 0.000000
556 0.000000
557 0.000000
558 0.000000
559 0.000000
560 0.000000
561 0.000000
562 0.000000
563 0.000000
564 0.000000
565 0.000000
566 0.000000
567 0.000000
568 0.000000
569 0.000000
570 0.000000
571 0.000000
572 0.000000
573 0.000000
574 0.000000
575 0.000000
576 0.000000
577 0.000000
578 0.000000
579 0.000000
580 0.000000
581 0.000000
582 0.000000
583 0.000000
584 0.000000
585 0.000000
586 0.000000
587 0.000000
588 0.000000
589 0.000000
590 0.000000
591 0.000000
592 0.000000
593 0.000000
594 0.000000
595 0.000000
596 0.000000
597 0.000000
598 0.000000
599 0.000000
600 0.000000
601 0.000000
602 0.000000
603 0.000000
604 0.000000
605 0.000000
606 0.000000
607 0.000000
608 0.000000
609 0.000000
610 0.000000
611 0.000000
612 0.000000
613 0.000000
614 0.000000
615 0.000000
616 0.000000
617 0.000000
618 0.000000
619 0.000000
620 0.000000
621 0.000000
622 0.000000
623 0.000000
624 0.000000
625 0.000000
626 0.000000
627 0.000000
628 0.000000
629 0.000000
630 0.000000
631 0.000000
632 0.000000
633 0.000000
634 0.000000
635 0.000000
636 0.000000
637 0.000000
638 0.000000
639 0.000000
640 0.000000
641 0.000000
642 0.000000
643 0.000000
644 0.000000
645 0.000000
646 0.000000
647 0.000000
648 0.000000
649 0.000000
650 0.000000
651 0.000000
652 0.000000
653 0.000000
654 0.000000
655 0.000000
656 0.000000
657 0.000000
658 0.000000
659 0.000000
660 0.000000
661 0.000000
662 0.000000
663 0.000000
664 0.000000
665 0.000000
666 0.000000
667 0.000000
668 0.000000
669 0.000000
670 0.000000
671 0.000000
672 0.000000
673 0.000000
674 0.000000
675 0.000000
676 0.000000
677 0.000000
678 0.000000
679 0.000000
680 0.000000
681 0.000000
682 0.000000
683 0.000000
684 0.000000
685 0.000000
686 0.000000
687 0.000000
688 0.000000
689 0.000000
690 0.000000
691 0.000000
692 0.000000
693 0.000000
694 0.000000
695 0.000000
696 0.000000
697 0.000000
698 0.000000
699 0.000000
700 0.000000
701 0.000000
702 0.000000
703 0.000000
704 0.000000
705 0.000000
706 0.000000
707 0.000000
708 0.000000
709 0.000000
710 0.000000
711 0.000000
712 0.000000
713 0.000000
714 0.000000
715 0.000000
716 0.000000
717 0.000000
718 0.000000
719 0.000000
720 0.000000
721 0.000000
722 0.000000
723 0.000000
724 0.000000
725 0.000000
726 0.000000
727 0.000000
728 0.000000
729 0.000000
730 0.000000
731 0.000000
732 0.000000
733 0.000000
734 0.000000
735 0.000000
736 0.000000
737 0.000000
738 0.000000
739 0.000000
740 0.000000
741 0.000000
742 0.000000
743 0.000000
744 0.000000
745 0.000000
746 0.000000
747 0.000000
748 0.000000
749 0.000000
750 0.000000
751 0.000000
752 0.000000
753 0.000000
754 0.000000
755 0.000000
756 0.000000
757 0.000000
758 0.000000
759 0.000000
760 0.000000
761 0.000000
762 0.000000
763 0.000000
764 0.000000
765 0.000000
766 0.000000
767 0.000000
768 0.000000
769 0.000000
770 0.000000
771 0.000000
772 0.000000
773 0.000000
774 0.000000
775 0.000000
776 0.000000
777 0.000000
778 0.000000
779 0.000000
780 0.000000
781 0.000000
782 0.000000
783 0.000000
784 0.000000
785 0.000000
786 0.000000
787 0.000000
788 0.000000
789 0.000000
790 0.000000
791 0.000000
792 0.000000
793 0.000000
794 0.000000
795 0.000000
796 0.000000
797 0.000000
798 0.000000
799 0.000000
800 0.000000
801 0.000000
802 0.000000
803 0.000000
804 0.000000
805 0.000000
806 0.000000
807 0.000000
808 0.000000
809 0.000000
810 0.000000
811 0.000000
812 0.000000
813 0.000000
814 0.000000
815 0.000000
816 0.000000
817 0.000000
818 0.000000
819 0.000000
820 0.000000
821 0.000000
822 0.000000
823 0.000000
824 0.000000
825 0.000000
826 0.000000
827 0.000000
828 0.000000
829 0.000000
830 0.000000
831 0.000000
832 0.000000
833 0.000000
834 0.000000
835 0.000000
836 0.000000
837 0.000000
838 0.000000
839 0.000000
840 0.000000
841 0.000000
842 0.000000
843 0.000000
844 0.000000
845 0.000000
846 0.000000
847 0.000000
848 0.000000
849 0.000000
850 0.000000
851 0.000000
852 0.000000
853 0.000000
854 0.000000
855 0.000000
856 0.000000
857 0.000000
858 0.000000
859 0.000000
860 0.000000
861 0.000000
862 0.000000
863 0.000000
864 0.000000
865 0.000000
866 0.000000
867 0.000000
868 0.000000
869 0.000000
870 0.000000
871 0.000000
872 0.000000
873 0.000000
874 0.000000
875 0.000000
876 0.000000
877 0.000000
878 0.000000
879 0.000000
880 0.000000
881 0.000000
882 0.000000
883 0.000000
884 0.000000
885 0.000000
886 0.000000
887 0.000000
888 0.000000
889 0.000000
890 0.000000
891 0.000000
892 0.000000
893 0.000000
894 0.000000
895 0.000000
896 0.000000
897 0.000000
898 0.000000
899 0.000000
900 0.000000
901 0.000000
902 0.000000
903 0.000000
904 0.000000
905 0.000000
906 0.000000
907 0.000000
908 0.000000
909 0.000000
910 0.000000
911 0.000000
912 0.000000
913 0.000000
914 0.000000
915 0.000000
916 0.000000
917 0.000000
918 0.000000
919 0.000000
920 0.000000
921 0.000000
922 0.000000
923 0.000000
924 0.000000
925 0.000000
926 0.000000
927 0.000000
928 0.000000
929 0.000000
930 0.000000
931 0.000000
932 0.000000
933 0.000000
934 0.000000
935 0.000000
936 0.000000
937 0.000000
938 0.000000
939 0.000000
940 0.000000
941 0.000000
942 0.000000
943 0.000000
944 0.000000
945 0.000000
946 0.000000
947 0.000000
948 0.000000
949 0.000000
950 0.000000
951 0.000000
952 0.000000
953 0.000000
954 0.000000
955 0.000000
956 0.000000
957 0.000000
958 0.000000
959 0.000000
960 0.000000
961 0.000000
962 0.000000
963 0.000000
964 0.000000
965 0.000000
966 0.000000
967 0.000000
968 0.000000
969 0.000000
970 0.000000
971 0.000000
972 0.000000
973 0.000000
974 0.000000
975 0.000000
976 0.000000
977 0.000000
978 0.000000
979 0.000000
980 0.000000
981 0.000000
982 0.000000
983 0.000000
984 0.000000
985 0.000000
986 0.000000
987 0.000000
988 0.000000
989 0.000000
990 0.000000
991 0.000000
992 0.000000
993 0.000000
994 0.000000
995 0.000000
996 0.000000
997 0.000000
998 0.000000
999 0.000000


0 0.000000
1 0.269339
2 0.266093
3 0.242432
4 0.226890
5 0.217335
6 0.210256
7 0.204582
8 0.200294
9 0.197950
10 0.196651
11 0.195923
12 0.196179
13 0.196748
14 0.197534
15 0.198437
16 0.199485
17 0.200911
18 0.202435
19 0.203891
20 0.205269
21 0.206596
22 0.208188
23 0.211251
24 0.214507
25 0.217891
26 0.221191
27 0.224820
28 0.228735
29 0.232722
30 0.236713
31 0.240696
32 0.244703
33 0.248976
34 0.253262
35 0.257609
36 0.261986
37 0.266443
38 0.271169
39 0.275964
40 0.280813
41 0.285790
42 0.290767
43 0.295712
44 0.300651
45 0.305649
46 0.310868
47 0.316101
48 0.321363
49 0.326634
50 0.331889
51 0.337132
52 0.342443
53 0.347836
54 0.353245
55 0.358633
56 0.364013
57 0.369363
58 0.374689
59 0.379999
60 0.385298
61 0.390572
62 0.395837
63 0.401092
64 0.406318
65 0.411520
66 0.416766
67 0.422051
68 0.427408
69 0.432833
70 0.438300
71 0.443896
72 0.449550
73 0.455391
74 0.461230
75 0.467014
76 0.472816
77 0.478555
78 0.484228
79 0.489898
80 0.495642
81 0.501327
82 0.506948
83 0.512500
84 0.517982
85 0.523485
86 0.528934
87 0.534295
88 0.539566
89 0.544746
90 0.549840
91 0.554847
92 0.559774
93 0.564645
94 0.569473
95 0.574358
96 0.579207
97 0.583977
98 0.588672
99 0.593293
100 0.598309
101 0.603380
102 0.608618
103 0.614029
104 0.619396
105 0.624672
106 0.629855
107 0.635174
108 0.640490
109 0.645756
110 0.650952
111 0.656046
112 0.661040
113 0.666000
114 0.670971
115 0.675859
116 0.680667
117 0.685432
118 0.690293
119 0.695083
120 0.699982
121 0.704945
122 0.709845
123 0.714682
124 0.719453
125 0.724236
126 0.729244
127 0.734191
128 0.739071
129 0.743886
130 0.748649
131 0.753433
132 0.758271
133 0.763070
134 0.767862
135 0.772848
136 0.777936
137 0.782947
138 0.787877
139 0.792742
140 0.798050
141 0.803404
142 0.808687
143 0.813911
144 0.819051
145 0.824106
146 0.829085
147 0.834014
148 0.838962
149 0.843831
150 0.848622
151 0.853331
152 0.857964
153 0.862796
154 0.867582
155 0.872282
156 0.876898
157 0.881448
158 0.885923
159 0.890329
160 0.894676
161 0.899023
162 0.903307
163 0.907530
164 0.911742
165 0.915900
166 0.919966
167 0.923938
168 0.927830
169 0.931631
170 0.935440
171 0.939373
172 0.943244
173 0.947066
174 0.950762
175 0.954339
176 0.957783
177 0.961093
178 0.964268
179 0.967304
180 0.970257
181 0.973065
182 0.975726
183 0.978310
184 0.980760
185 0.983053
186 0.985189
187 0.987170
188 0.988996
189 0.990677
190 0.992232
191 0.993637
192 0.994896
193 0.996013
194 0.997053
195 0.997938
196 0.998665
197 0.999243
198 0.999664
199 0.999916
200 1.000000
201 0.999916
202 0.999660
203 0.999238
204 0.998650
205 0.997919
206 0.997022
207 0.995980
208 0.994808
209 0.993493
210 0.992024
211 0.990411
212 0.988640
213 0.986713
214 0.984628
215 0.982388
216 0.979992
217 0.977434
218 0.974712
219 0.971827
220 0.968826
221 0.965928
222 0.962973
223 0.959986
224 0.957039
225 0.954133
226 0.951108
227 0.947963
228 0.944707
229 0.941346
230 0.937870
231 0.934267
232 0.930536
233 0.926674
234 0.922717
235 0.918794
236 0.914942
237 0.910973
238 0.906887
239 0.902741
240 0.898601
241 0.894450
242 0.890191
243 0.885826
244 0.881356
245 0.876831
246 0.872597
247 0.868307
248 0.864098
249 0.859991
250 0.855808
251 0.851524
252 0.847234
253 0.842849
254 0.838421
255 0.833936
256 0.829358
257 0.824690
258 0.819936
259 0.815207
260 0.810386
261 0.805582
262 0.800834
263 0.796183
264 0.791468
265 0.786692
266 0.781856
267 0.776962
268 0.772013
269 0.767010
270 0.761956
271 0.757039
272 0.752102
273 0.747216
274 0.742299
275 0.737456
276 0.732803
277 0.728115
278 0.723389
279 0.718817
280 0.714219
281 0.709590
282 0.704930
283 0.700238
284 0.695504
285 0.690726
286 0.685904
287 0.681038
288 0.676167
289 0.671262
290 0.666401
291 0.661612
292 0.656776
293 0.651994
294 0.647251
295 0.642486
296 0.637741
297 0.632952
298 0.628126
299 0.623365
300 0.618716
301 0.614028
302 0.609594
303 0.605183
304 0.601437
305 0.597656
306 0.594006
307 0.590498
308 0.586962
309 0.583561
310 0.580528
311 0.577492
312 0.574652
313 0.572085
314 0.569496
315 0.566886
316 0.564258
317 0.561765
318 0.559522
319 0.557270
320 0.555007
321 0.552731
322 0.550491
323 0.548316
324 0.546135
325 0.543938
326 0.541724
327 0.539513
328 0.537408
329 0.535472
330 0.533523
331 0.531569
332 0.529610
333 0.527623
334 0.525639
335 0.523654
336 0.521643
337 0.519627
338 0.517594
339 0.515536
340 0.513510
341 0.511555
342 0.509574
343 0.507567
344 0.505542
345 0.503543
346 0.501524
347 0.499485
348 0.497427
349 0.495348
350 0.493249
351 0.491132
352 0.488996
353 0.486838
354 0.484746
355 0.482834
356 0.480920
357 0.479002
358 0.477054
359 0.475190
360 0.473721
361 0.472316
362 0.470884
363 0.469566
364 0.468260
365 0.466956
366 0.465649
367 0.464322
368 0.462975
369 0.461609
370 0.460313
371 0.459052
372 0.457791
373 0.456528
374 0.455587
375 0.454696
376 0.453794
377 0.452881
378 0.451955
379 0.451006
380 0.450034
381 0.449042
382 0.448029
383 0.446995
384 0.445939
385 0.444875
386 0.443810
387 0.442725
388 0.441616
389 0.440485
390 0.439332
391 0.438157
392 0.436963
393 0.435751
394 0.434522
395 0.433275
396 0.432011
397 0.430732
398 0.429440
399 0.428135
400 0.426816
401 0.425499
402 0.424179
403 0.422846
404 0.421500
405 0.420143
406 0.418774
407 0.417517
408 0.416282
409 0.415043
410 0.413824
411 0.412600
412 0.411368
413 0.410128
414 0.408877
415 0.407617
416 0.406347
417 0.405067
418 0.403779
419 0.402482
420 0.401176
421 0.399862
422 0.398539
423 0.397208
424 0.395867
425 0.394549
426 0.393234
427 0.391908
428 0.390571
429 0.389223
430 0.387864
431 0.386493
432 0.385112
433 0.383721
434 0.382319
435 0.380906
436 0.379483
437 0.378047
438 0.376670
439 0.375335
440 0.373979
441 0.372607
442 0.371257
443 0.369901
444 0.368612
445 0.367304
446 0.365978
447 0.364635
448 0.363276
449 0.361902
450 0.360513
451 0.359109
452 0.357692
453 0.356259
454 0.354809
455 0.353535
456 0.352514
457 0.351486
458 0.350452
459 0.349410
460 0.348363
461 0.347310
462 0.346251
463 0.345188
464 0.344114
465 0.343031
466 0.342032
467 0.341043
468 0.340040
469 0.339025
470 0.337996
471 0.337116
472 0.336220
473 0.335306
474 0.334376
475 0.333428
476 0.332549
477 0.331649
478 0.330729
479 0.329788
480 0.328826
481 0.327843
482 0.326839
483 0.325824
484 0.324796
485 0.323754
486 0.322697
487 0.321628
488 0.320666
489 0.319704
490 0.318732
491 0.317750
492 0.316753
493 0.315742
494 0.314717
495 0.313678
496 0.312626
497 0.311561
498 0.310481
499 0.309407
500 0.308579
501 0.307734
502 0.306871
503 0.305992
504 0.305097
505 0.304179
506 0.303241
507 0.302284
508 0.301307
509 0.300311
510 0.299297
511 0.298266
512 0.297217
513 0.296153
514 0.295070
515 0.293968
516 0.292845
517 0.291698
518 0.290725
519 0.289906
520 0.289062
521 0.288191
522 0.287373
523 0.286558
524 0.285708
525 0.284832
526 0.283926
527 0.282989
528 0.282038
529 0.281121
530 0.280169
531 0.279183
532 0.278164
533 0.277109
534 0.276017
535 0.274892
536 0.273733
537 0.272543
538 0.271319
539 0.270097
540 0.268898
541 0.267718
542 0.266614
543 0.265507
544 0.264371
545 0.263257
546 0.262156
547 0.261032
548 0.259885
549 0.258718
550 0.257530
551 0.256321
552 0.255093
553 0.253846
554 0.252580
555 0.251292
556 0.249981
557 0.248647
558 0.247290
559 0.245913
560 0.244515
561 0.243095
562 0.241652
563 0.240192
564 0.238720
565 0.237227
566 0.235794
567 0.234361
568 0.232902
569 0.231501
570 0.230084
571 0.228630
572 0.227139
573 0.225675
574 0.224184
575 0.222656
576 0.221096
577 0.219503
578 0.217878
579 0.216222
580 0.214533
581 0.212813
582 0.211080
583 0.209547
584 0.208303
585 0.207204
586 0.206094
587 0.204972
588 0.203839
589 0.202752
590 0.201679
591 0.200598
592 0.199508
593 0.199020
594 0.198616
595 0.198205
596 0.197785
597 0.197356
598 0.196914
599 0.196458
600 0.195988
601 0.195504
602 0.195006
603 0.194494
604 0.193970
605 0.193432
606 0.192882
607 0.192318
608 0.191741
609 0.191164
610 0.190623
611 0.190062
612 0.189479
613 0.188874
614 0.188246
615 0.187595
616 0.186922
617 0.186226
618 0.185508
619 0.184785
620 0.184054
621 0.183450
622 0.182848
623 0.182306
624 0.181742
625 0.181155
626 0.180544
627 0.179910
628 0.179254
629 0.178574
630 0.177868
631 0.177134
632 0.176371
633 0.175580
634 0.174761
635 0.173913
636 0.173202
637 0.172551
638 0.171877
639 0.171180
640 0.170462
641 0.169720
642 0.168954
643 0.168159
644 0.167330
645 0.166473
646 0.165715
647 0.164961
648 0.164175
649 0.163357
650 0.162510
651 0.161633
652 0.160747
653 0.159869
654 0.158962
655 0.158029
656 0.157069
657 0.156083
658 0.155068
659 0.154024
660 0.153139
661 0.152349
662 0.151540
663 0.150738
664 0.149963
665 0.149194
666 0.148462
667 0.147735
668 0.147023
669 0.146296
670 0.145554
671 0.144797
672 0.144026
673 0.143240
674 0.142600
675 0.141952
676 0.141288
677 0.140604
678 0.139900
679 0.139180
680 0.138441
681 0.137684
682 0.136910
683 0.136121
684 0.135324
685 0.134509
686 0.133679
687 0.132878
688 0.132372
689 0.131926
690 0.131468
691 0.131001
692 0.130522
693 0.130034
694 0.129541
695 0.129059
696 0.128585
697 0.128106
698 0.127608
699 0.127090
700 0.126554
701 0.125997
702 0.125422
703 0.124828
704 0.124216
705 0.123588
706 0.122943
707 0.122282
708 0.121605
709 0.120913
710 0.120204
711 0.119474
712 0.118720
713 0.117936
714 0.117122
715 0.116279
716 0.115407
717 0.114507
718 0.113582
719 0.112663
720 0.111917
721 0.111148
722 0.110358
723 0.109548
724 0.108720
725 0.107873
726 0.107009
727 0.106297
728 0.105905
729 0.105488
730 0.105045
731 0.104576
732 0.104082
733 0.103589
734 0.103103
735 0.102595
736 0.102065
737 0.101512
738 0.100939
739 0.100345
740 0.099735
741 0.099363
742 0.099084
743 0.098792
744 0.098487
745 0.098169
746 0.097839
747 0.097498
748 0.097144
749 0.096791
750 0.096571
751 0.096341
752 0.096098
753 0.095842
754 0.095701
755 0.095610
756 0.095501
757 0.095372
758 0.095223
759 0.095052
760 0.094858
761 0.094643
762 0.094481
763 0.094372
764 0.094306
765 0.094223
766 0.094120
767 0.093998
768 0.093852
769 0.093682
770 0.093490
771 0.093277
772 0.093041
773 0.092780
774 0.092491
775 0.092175
776 0.091832
777 0.091463
778 0.091150
779 0.090869
780 0.090578
781 0.090596
782 0.090608
783 0.090602
784 0.090578
785 0.090539
786 0.090487
787 0.090423
788 0.090347
789 0.090261
790 0.090165
791 0.090059
792 0.089944
793 0.089815
794 0.089675
795 0.089523
796 0.089361
797 0.089187
798 0.089002
799 0.088805
800 0.088597
801 0.088379
802 0.088150
803 0.087997
804 0.087831
805 0.087653
806 0.087462
807 0.087258
808 0.087157
809 0.087085
810 0.087005
811 0.086921
812 0.086832
813 0.086739
814 0.086666
815 0.086627
816 0.086584
817 0.086537
818 0.086486
819 0.086430
820 0.086369
821 0.086304
822 0.086235
823 0.086163
824 0.086087
825 0.086008
826 0.085928
827 0.085847
828 0.085767
829 0.085687
830 0.085733
831 0.085918
832 0.086104
833 0.086320
834 0.086564
835 0.086808
836 0.087051
837 0.087374
838 0.087752
839 0.088125
840 0.088484
841 0.088829
842 0.089161
843 0.089481
844 0.089789
845 0.090083
846 0.090361
847 0.090625
848 0.090873
849 0.091107
850 0.091327
851 0.091529
852 0.091864
853 0.092481
854 0.093090
855 0.093678
856 0.094248
857 0.094799
858 0.095332
859 0.095846
860 0.096344
861 0.096824
862 0.097306
863 0.097934
864 0.098535
865 0.099109
866 0.099651
867 0.100162
868 0.100642
869 0.101092
870 0.101514
871 0.101908
872 0.102286
873 0.102709
874 0.103102
875 0.103470
876 0.103865
877 0.104251
878 0.104599
879 0.104901
880 0.105157
881 0.105365
882 0.105526
883 0.105639
884 0.105705
885 0.105726
886 0.105704
887 0.105638
888 0.105532
889 0.105386
890 0.105202
891 0.105028
892 0.104832
893 0.104898
894 0.105075
895 0.105213
896 0.105312
897 0.105373
898 0.105396
899 0.105382
900 0.105459
901 0.105573
902 0.105663
903 0.105728
904 0.105765
905 0.105776
906 0.105756
907 0.105708
908 0.105636
909 0.105538
910 0.105412
911 0.105262
912 0.105082
913 0.104872
914 0.104664
915 0.104448
916 0.104205
917 0.103937
918 0.103643
919 0.103324
920 0.102980
921 0.102627
922 0.102246
923 0.101838
924 0.101401
925 0.100937
926 0.100444
927 0.099923
928 0.099374
929 0.098798
930 0.098195
931 0.097569
932 0.096919
933 0.096249
934 0.095555
935 0.094838
936 0.094099
937 0.093338
938 0.092555
939 0.091749
940 0.090922
941 0.090081
942 0.089310
943 0.088559
944 0.087933
945 0.087330
946 0.086795
947 0.086234
948 0.085671
949 0.085096
950 0.084497
951 0.083873
952 0.083224
953 0.082549
954 0.081848
955 0.081123
956 0.080374
957 0.079601
958 0.078806
959 0.077989
960 0.077151
961 0.076379
962 0.075701
963 0.074999
964 0.074462
965 0.073994
966 0.073495
967 0.072962
968 0.072525
969 0.072271
970 0.071989
971 0.071680
972 0.071344
973 0.070983
974 0.070596
975 0.070184
976 0.069748
977 0.069313
978 0.068887
979 0.068441
980 0.067977
981 0.067511
982 0.067039
983 0.066551
984 0.066049
985 0.065605
986 0.065221
987 0.064840
988 0.064660
989 0.064486
990 0.064289
991 0.064070
992 0.063832
993 0.063575
994 0.063367
995 0.063260
996 0.063132
997 0.063031
998 0.062912
999 0.062774


0 0.000000
1 0.228017
2 0.184798
3 0.163460
4 0.151934
5 0.144336
6 0.138090
7 0.133025
8 0.128787
9 0.126601
10 0.124584
11 0.122711
12 0.121242
13 0.119960
14 0.118940
15 0.117954
16 0.116981
17 0.116077
18 0.115374
19 0.114638
20 0.113864
21 0.113059
22 0.112559
23 0.112702
24 0.112850
25 0.113137
26 0.113387
27 0.113944
28 0.114637
29 0.115306
30 0.116002
31 0.116677
32 0.117345
33 0.118219
34 0.119135
35 0.120039
36 0.120932
37 0.121817
38 0.123057
39 0.124276
40 0.125474
41 0.126640
42 0.127772
43 0.128863
44 0.129912
45 0.130921
46 0.131933
47 0.132919
48 0.133882
49 0.134826
50 0.135724
51 0.136587
52 0.137469
53 0.138478
54 0.139462
55 0.140402
56 0.141301
57 0.142525
58 0.144049
59 0.145550
60 0.147053
61 0.148533
62 0.149997
63 0.151439
64 0.152849
65 0.154232
66 0.155650
67 0.157103
68 0.158581
69 0.160048
70 0.161676
71 0.163729
72 0.165803
73 0.167852
74 0.169867
75 0.171849
76 0.173800
77 0.175720
78 0.177610
79 0.179504
80 0.181439
81 0.183350
82 0.185231
83 0.187084
84 0.188908
85 0.190706
86 0.192470
87 0.194198
88 0.195890
89 0.197546
90 0.199168
91 0.200754
92 0.202306
93 0.203826
94 0.205355
95 0.206873
96 0.208363
97 0.209827
98 0.211270
99 0.212692
100 0.214093
101 0.215501
102 0.217147
103 0.218976
104 0.220773
105 0.222532
106 0.224275
107 0.226016
108 0.227728
109 0.229479
110 0.231270
111 0.233032
112 0.234759
113 0.236463
114 0.238198
115 0.239935
116 0.241630
117 0.243288
118 0.244909
119 0.246496
120 0.248060
121 0.249599
122 0.251105
123 0.252581
124 0.254045
125 0.255610
126 0.257498
127 0.259365
128 0.261205
129 0.263021
130 0.264854
131 0.266658
132 0.268423
133 0.270150
134 0.271833
135 0.273756
136 0.275651
137 0.277500
138 0.279304
139 0.281086
140 0.283651
141 0.286343
142 0.289010
143 0.291650
144 0.294261
145 0.296842
146 0.299396
147 0.301953
148 0.304598
149 0.307218
150 0.309815
151 0.312391
152 0.314948
153 0.317480
154 0.319987
155 0.322465
156 0.324913
157 0.327331
158 0.329723
159 0.332136
160 0.334572
161 0.336986
162 0.339377
163 0.341859
164 0.344502
165 0.347179
166 0.349836
167 0.352473
168 0.355090
169 0.357681
170 0.360244
171 0.362790
172 0.365306
173 0.367775
174 0.370193
175 0.372557
176 0.374866
177 0.377155
178 0.379430
179 0.381650
180 0.384116
181 0.386533
182 0.388902
183 0.391208
184 0.393454
185 0.395645
186 0.397784
187 0.399872
188 0.401906
189 0.403887
190 0.405820
191 0.407711
192 0.409560
193 0.411366
194 0.413364
195 0.415340
196 0.417278
197 0.419522
198 0.421952
199 0.424349
200 0.426816
201 0.429306
202 0.431925
203 0.434510
204 0.437061
205 0.439577
206 0.442056
207 0.444503
208 0.446923
209 0.449312
210 0.451670
211 0.453999
212 0.456294
213 0.458556
214 0.460786
215 0.463080
216 0.465838
217 0.468578
218 0.471301
219 0.474009
220 0.476700
221 0.479381
222 0.482078
223 0.484930
224 0.487765
225 0.490588
226 0.493397
227 0.496193
228 0.499060
229 0.502135
230 0.505258
231 0.508416
232 0.511570
233 0.514703
234 0.517856
235 0.521034
236 0.524195
237 0.527340
238 0.530577
239 0.533792
240 0.537005
241 0.540227
242 0.543538
243 0.546824
244 0.550084
245 0.553765
246 0.558058
247 0.562765
248 0.567623
249 0.572463
250 0.577284
251 0.582086
252 0.586910
253 0.591722
254 0.596521
255 0.601302
256 0.606064
257 0.610802
258 0.615519
259 0.620289
260 0.625033
261 0.629740
262 0.634412
263 0.639046
264 0.643638
265 0.648189
266 0.652699
267 0.657169
268 0.661598
269 0.665987
270 0.670334
271 0.674642
272 0.678911
273 0.683144
274 0.687333
275 0.691480
276 0.695585
277 0.699649
278 0.703670
279 0.707650
280 0.711590
281 0.715489
282 0.719347
283 0.723509
284 0.728030
285 0.732500
286 0.736964
287 0.741378
288 0.745740
289 0.750052
290 0.754313
291 0.758524
292 0.762682
293 0.766788
294 0.770838
295 0.774869
296 0.778948
297 0.782969
298 0.786931
299 0.790832
300 0.794670
301 0.798442
302 0.802174
303 0.805888
304 0.809534
305 0.813115
306 0.816628
307 0.820076
308 0.823508
309 0.827010
310 0.830567
311 0.834091
312 0.837548
313 0.840942
314 0.844277
315 0.847549
316 0.850756
317 0.853997
318 0.857201
319 0.860363
320 0.863508
321 0.866596
322 0.869713
323 0.872943
324 0.876140
325 0.879275
326 0.882347
327 0.885357
328 0.888305
329 0.891193
330 0.894020
331 0.896854
332 0.899801
333 0.902687
334 0.905524
335 0.908309
336 0.911153
337 0.913948
338 0.916684
339 0.919353
340 0.921964
341 0.924539
342 0.927048
343 0.929490
344 0.931862
345 0.934168
346 0.936408
347 0.938582
348 0.940689
349 0.942729
350 0.944699
351 0.946598
352 0.948578
353 0.950492
354 0.952352
355 0.954165
356 0.955945
357 0.957651
358 0.959301
359 0.960934
360 0.962501
361 0.964005
362 0.965588
363 0.967294
364 0.968931
365 0.970499
366 0.972000
367 0.973435
368 0.974806
369 0.976113
370 0.977358
371 0.978724
372 0.980060
373 0.981330
374 0.982539
375 0.983691
376 0.984809
377 0.985890
378 0.987089
379 0.988224
380 0.989295
381 0.990310
382 0.991269
383 0.992179
384 0.993074
385 0.993917
386 0.994698
387 0.995430
388 0.996106
389 0.996721
390 0.997280
391 0.997808
392 0.998275
393 0.998685
394 0.999038
395 0.999335
396 0.999576
397 0.999762
398 0.999894
399 0.999974
400 1.000000
401 0.999973
402 0.999895
403 0.999765
404 0.999583
405 0.999349
406 0.999064
407 0.998738
408 0.998364
409 0.997941
410 0.997469
411 0.996947
412 0.996375
413 0.995751
414 0.995074
415 0.994344
416 0.993562
417 0.992727
418 0.991839
419 0.990898
420 0.989903
421 0.988853
422 0.987783
423 0.986662
424 0.985489
425 0.984265
426 0.982988
427 0.981656
428 0.980269
429 0.978826
430 0.977326
431 0.975770
432 0.974156
433 0.972485
434 0.970756
435 0.968972
436 0.967134
437 0.965257
438 0.963381
439 0.961474
440 0.959507
441 0.957478
442 0.955386
443 0.953242
444 0.951088
445 0.948873
446 0.946594
447 0.944306
448 0.941956
449 0.939541
450 0.937060
451 0.934531
452 0.931968
453 0.929336
454 0.926631
455 0.923972
456 0.921411
457 0.918787
458 0.916101
459 0.913352
460 0.910541
461 0.907668
462 0.904733
463 0.901818
464 0.898849
465 0.895820
466 0.892768
467 0.889661
468 0.886497
469 0.883347
470 0.880235
471 0.877224
472 0.874159
473 0.871041
474 0.867868
475 0.864643
476 0.861795
477 0.858936
478 0.856038
479 0.853102
480 0.850127
481 0.847111
482 0.844120
483 0.841560
484 0.838969
485 0.836405
486 0.833818
487 0.831214
488 0.828580
489 0.825917
490 0.823226
491 0.820506
492 0.817752
493 0.814964
494 0.812143
495 0.809297
496 0.806466
497 0.803605
498 0.800711
499 0.797785
500 0.794824
501 0.791829
502 0.788798
503 0.785732
504 0.782629
505 0.779485
506 0.776298
507 0.773071
508 0.769801
509 0.766489
510 0.763135
511 0.759739
512 0.756304
513 0.752843
514 0.749338
515 0.745789
516 0.742192
517 0.738549
518 0.735019
519 0.731612
520 0.728158
521 0.724659
522 0.721115
523 0.717632
524 0.714127
525 0.710584
526 0.706993
527 0.703357
528 0.699773
529 0.696484
530 0.693159
531 0.689801
532 0.686408
533 0.682979
534 0.679540
535 0.676127
536 0.672679
537 0.669198
538 0.665686
539 0.662140
540 0.658568
541 0.655027
542 0.651513
543 0.648021
544 0.644493
545 0.640991
546 0.637503
547 0.633985
548 0.630917
549 0.627884
550 0.624835
551 0.621759
552 0.618655
553 0.615523
554 0.612360
555 0.609159
556 0.605918
557 0.602637
558 0.599317
559 0.595960
560 0.592565
561 0.589132
562 0.585659
563 0.582190
564 0.578749
565 0.575269
566 0.571752
567 0.568188
568 0.564585
569 0.561052
570 0.557496
571 0.553889
572 0.550231
573 0.546803
574 0.543361
575 0.540130
576 0.536887
577 0.533599
578 0.530267
579 0.526890
580 0.523467
581 0.519997
582 0.516479
583 0.512910
584 0.509799
585 0.506958
586 0.504088
587 0.501189
588 0.498261
589 0.495343
590 0.492417
591 0.489464
592 0.486484
593 0.483997
594 0.481566
595 0.479111
596 0.476630
597 0.474123
598 0.471581
599 0.469003
600 0.466389
601 0.463738
602 0.461051
603 0.458326
604 0.455564
605 0.452828
606 0.450120
607 0.447375
608 0.444592
609 0.441771
610 0.438912
611 0.436015
612 0.433090
613 0.430121
614 0.427108
615 0.424052
616 0.421010
617 0.417942
618 0.414830
619 0.412182
620 0.409765
621 0.407467
622 0.405136
623 0.402772
624 0.400374
625 0.397943
626 0.395479
627 0.392982
628 0.390451
629 0.387883
630 0.385277
631 0.382642
632 0.379972
633 0.377544
634 0.375247
635 0.372905
636 0.370519
637 0.368090
638 0.365633
639 0.363177
640 0.360709
641 0.358200
642 0.355650
643 0.353060
644 0.350431
645 0.347754
646 0.345028
647 0.342255
648 0.339437
649 0.336573
650 0.333667
651 0.330722
652 0.327826
653 0.325001
654 0.322140
655 0.319245
656 0.316317
657 0.313355
658 0.310349
659 0.307294
660 0.304501
661 0.301791
662 0.299052
663 0.296284
664 0.293488
665 0.290661
666 0.287806
667 0.284923
668 0.282012
669 0.279072
670 0.276104
671 0.273110
672 0.270089
673 0.267043
674 0.264231
675 0.261401
676 0.258536
677 0.255634
678 0.252702
679 0.249765
680 0.246794
681 0.243820
682 0.241151
683 0.238454
684 0.235732
685 0.232986
686 0.230218
687 0.227485
688 0.225394
689 0.223455
690 0.221505
691 0.219548
692 0.217583
693 0.215696
694 0.213945
695 0.212331
696 0.210709
697 0.209078
698 0.207437
699 0.205785
700 0.204125
701 0.202577
702 0.201086
703 0.199583
704 0.198069
705 0.196546
706 0.195013
707 0.193473
708 0.191926
709 0.190374
710 0.188816
711 0.187253
712 0.185681
713 0.184097
714 0.182502
715 0.180896
716 0.179271
717 0.177642
718 0.176050
719 0.174476
720 0.173094
721 0.171697
722 0.170291
723 0.168964
724 0.167666
725 0.166366
726 0.165064
727 0.163926
728 0.163193
729 0.162448
730 0.161691
731 0.160922
732 0.160140
733 0.159394
734 0.158695
735 0.158134
736 0.157686
737 0.157393
738 0.157105
739 0.156822
740 0.156544
741 0.156313
742 0.156094
743 0.155869
744 0.155640
745 0.155406
746 0.155167
747 0.155003
748 0.154887
749 0.154767
750 0.154644
751 0.154521
752 0.154397
753 0.154267
754 0.154295
755 0.154394
756 0.154476
757 0.154544
758 0.154595
759 0.154629
760 0.154647
761 0.154645
762 0.154623
763 0.154582
764 0.154523
765 0.154447
766 0.154353
767 0.154240
768 0.154103
769 0.153941
770 0.153755
771 0.153546
772 0.153314
773 0.153059
774 0.152783
775 0.152486
776 0.152168
777 0.151830
778 0.151472
779 0.151092
780 0.150695
781 0.150365
782 0.150010
783 0.149630
784 0.149228
785 0.148802
786 0.148356
787 0.147890
788 0.147404
789 0.146899
790 0.146375
791 0.145833
792 0.145273
793 0.144691
794 0.144089
795 0.143466
796 0.142823
797 0.142160
798 0.141476
799 0.140770
800 0.140041
801 0.139288
802 0.138511
803 0.137706
804 0.136875
805 0.136015
806 0.135129
807 0.134217
808 0.133449
809 0.132719
810 0.131968
811 0.131202
812 0.130418
813 0.129619
814 0.128936
815 0.128439
816 0.127928
817 0.127405
818 0.126871
819 0.126323
820 0.125762
821 0.125188
822 0.124602
823 0.124005
824 0.123396
825 0.122776
826 0.122149
827 0.121515
828 0.120873
829 0.120226
830 0.119733
831 0.119412
832 0.119089
833 0.118766
834 0.118444
835 0.118122
836 0.117798
837 0.117838
838 0.118128
839 0.118407
840 0.118660
841 0.118888
842 0.119093
843 0.119275
844 0.119436
845 0.119572
846 0.119682
847 0.119767
848 0.119826
849 0.119862
850 0.120155
851 0.120638
852 0.121220
853 0.121902
854 0.122561
855 0.123292
856 0.124035
857 0.124751
858 0.125433
859 0.126082
860 0.126698
861 0.127283
862 0.127852
863 0.128527
864 0.129161
865 0.129751
866 0.130290
867 0.130779
868 0.131220
869 0.131613
870 0.131959
871 0.132259
872 0.132512
873 0.132704
874 0.132847
875 0.132978
876 0.133268
877 0.133552
878 0.134027
879 0.134439
880 0.134790
881 0.135080
882 0.135310
883 0.135479
884 0.135587
885 0.135636
886 0.135622
887 0.135547
888 0.135412
889 0.135219
890 0.134969
891 0.134754
892 0.134511
893 0.134485
894 0.134540
895 0.134536
896 0.134476
897 0.134361
898 0.134228
899 0.134176
900 0.134175
901 0.134178
902 0.134135
903 0.134045
904 0.133907
905 0.133724
906 0.133496
907 0.133269
908 0.133225
909 0.133146
910 0.133028
911 0.132873
912 0.132681
913 0.132454
914 0.132226
915 0.131984
916 0.131707
917 0.131395
918 0.131048
919 0.130704
920 0.130510
921 0.130400
922 0.130254
923 0.130073
924 0.129856
925 0.129603
926 0.129312
927 0.128985
928 0.128622
929 0.128224
930 0.127791
931 0.127328
932 0.126835
933 0.126314
934 0.125763
935 0.125183
936 0.124574
937 0.123935
938 0.123270
939 0.122577
940 0.121855
941 0.121106
942 0.120336
943 0.119544
944 0.118727
945 0.117913
946 0.117135
947 0.116325
948 0.115512
949 0.114685
950 0.113828
951 0.112939
952 0.112018
953 0.111064
954 0.110076
955 0.109055
956 0.108002
957 0.106915
958 0.105797
959 0.104646
960 0.103464
961 0.102252
962 0.101138
963 0.099989
964 0.099118
965 0.098367
966 0.097568
967 0.096719
968 0.095983
969 0.095467
970 0.094906
971 0.094300
972 0.093648
973 0.092950
974 0.092204
975 0.091409
976 0.090570
977 0.089686
978 0.088760
979 0.087794
980 0.086790
981 0.085756
982 0.084692
983 0.083594
984 0.082465
985 0.081324
986 0.080173
987 0.079001
988 0.078143
989 0.077414
990 0.076654
991 0.075864
992 0.075045
993 0.074200
994 0.073325
995 0.072422
996 0.071491
997 0.070533
998 0.069551
999 0.068547


0 0.000000
1 0.230949
2 0.173812
3 0.154693
4 0.143233
5 0.134530
6 0.127040
7 0.122536
8 0.118529
9 0.116181
10 0.113907
11 0.111582
12 0.109333
13 0.107126
14 0.105122
15 0.103096
16 0.101090
17 0.099034
18 0.096936
19 0.094746
20 0.092496
21 0.090296
22 0.088391
23 0.086599
24 0.084727
25 0.082982
26 0.081290
27 0.079685
28 0.078648
29 0.077587
30 0.076512
31 0.075628
32 0.074829
33 0.074157
34 0.073502
35 0.072844
36 0.072194
37 0.071540
38 0.071335
39 0.071115
40 0.070944
41 0.070753
42 0.070533
43 0.070284
44 0.070006
45 0.069695
46 0.069350
47 0.068985
48 0.069095
49 0.069172
50 0.069222
51 0.069252
52 0.069270
53 0.069278
54 0.069275
55 0.069257
56 0.069224
57 0.069436
58 0.069878
59 0.070318
60 0.070758
61 0.071196
62 0.071635
63 0.072073
64 0.072605
65 0.073286
66 0.073972
67 0.074655
68 0.075337
69 0.076016
70 0.076822
71 0.077747
72 0.078684
73 0.079648
74 0.080592
75 0.081647
76 0.082784
77 0.083917
78 0.085046
79 0.086188
80 0.087365
81 0.088540
82 0.089713
83 0.090884
84 0.092048
85 0.093202
86 0.094337
87 0.095446
88 0.096531
89 0.097590
90 0.098626
91 0.099637
92 0.100626
93 0.101596
94 0.102550
95 0.103485
96 0.104405
97 0.105313
98 0.106213
99 0.107109
100 0.108044
101 0.108969
102 0.109883
103 0.110781
104 0.111652
105 0.112495
106 0.113313
107 0.114107
108 0.114880
109 0.115657
110 0.116482
111 0.117286
112 0.118071
113 0.118857
114 0.119777
115 0.120763
116 0.121711
117 0.122624
118 0.123502
119 0.124345
120 0.125202
121 0.126062
122 0.126885
123 0.127673
124 0.128451
125 0.129266
126 0.130160
127 0.131032
128 0.131876
129 0.132691
130 0.133477
131 0.134238
132 0.134968
133 0.135669
134 0.136337
135 0.137464
136 0.138582
137 0.139659
138 0.140695
139 0.141697
140 0.142984
141 0.144430
142 0.145852
143 0.147250
144 0.148625
145 0.149972
146 0.151296
147 0.152598
148 0.153878
149 0.155134
150 0.156366
151 0.157576
152 0.158768
153 0.159939
154 0.161091
155 0.162214
156 0.163303
157 0.164358
158 0.165378
159 0.166469
160 0.167638
161 0.168788
162 0.169919
163 0.171032
164 0.172150
165 0.173268
166 0.174372
167 0.175465
168 0.176546
169 0.177610
170 0.178657
171 0.179681
172 0.180733
173 0.181754
174 0.182734
175 0.183672
176 0.184565
177 0.185413
178 0.186216
179 0.186972
180 0.187683
181 0.188349
182 0.188971
183 0.189548
184 0.190082
185 0.190578
186 0.191037
187 0.191462
188 0.191867
189 0.192274
190 0.192652
191 0.193002
192 0.193326
193 0.193626
194 0.193901
195 0.194153
196 0.194384
197 0.194701
198 0.195171
199 0.195600
200 0.195988
201 0.196348
202 0.196721
203 0.197058
204 0.197360
205 0.197628
206 0.197863
207 0.198089
208 0.198372
209 0.198622
210 0.198837
211 0.199018
212 0.199162
213 0.199296
214 0.199532
215 0.199820
216 0.200443
217 0.201093
218 0.201782
219 0.202474
220 0.203171
221 0.203875
222 0.204616
223 0.205587
224 0.206556
225 0.207527
226 0.208500
227 0.209477
228 0.210458
229 0.211506
230 0.212581
231 0.213716
232 0.214874
233 0.216035
234 0.217200
235 0.218376
236 0.219697
237 0.221026
238 0.222539
239 0.224047
240 0.225551
241 0.227053
242 0.228579
243 0.230097
244 0.231606
245 0.233350
246 0.235491
247 0.237614
248 0.239721
249 0.241810
250 0.243880
251 0.245931
252 0.248129
253 0.250316
254 0.252583
255 0.254930
256 0.257259
257 0.259595
258 0.261918
259 0.264218
260 0.266498
261 0.268758
262 0.270998
263 0.273214
264 0.275404
265 0.277569
266 0.279708
267 0.281820
268 0.283906
269 0.285965
270 0.287996
271 0.290000
272 0.291978
273 0.293931
274 0.295857
275 0.297757
276 0.299631
277 0.301479
278 0.303301
279 0.305097
280 0.306866
281 0.308606
282 0.310317
283 0.311994
284 0.313637
285 0.315245
286 0.316816
287 0.318350
288 0.319845
289 0.321303
290 0.322725
291 0.324111
292 0.325458
293 0.326766
294 0.328037
295 0.329321
296 0.330711
297 0.332065
298 0.333384
299 0.334664
300 0.335907
301 0.337110
302 0.338273
303 0.339397
304 0.340484
305 0.341535
306 0.342549
307 0.343527
308 0.344472
309 0.345383
310 0.346544
311 0.347758
312 0.348942
313 0.350099
314 0.351231
315 0.352338
316 0.353418
317 0.354472
318 0.355501
319 0.356505
320 0.357486
321 0.358441
322 0.359435
323 0.360751
324 0.362032
325 0.363275
326 0.364482
327 0.365651
328 0.366782
329 0.367878
330 0.369009
331 0.370140
332 0.371236
333 0.372301
334 0.373389
335 0.374495
336 0.375582
337 0.376645
338 0.377681
339 0.378688
340 0.379666
341 0.380617
342 0.381537
343 0.382426
344 0.383284
345 0.384111
346 0.384906
347 0.385670
348 0.386403
349 0.387104
350 0.387771
351 0.388406
352 0.389607
353 0.390828
354 0.392077
355 0.393302
356 0.394580
357 0.395840
358 0.397065
359 0.398297
360 0.399544
361 0.400761
362 0.401949
363 0.403108
364 0.404242
365 0.405354
366 0.406444
367 0.407515
368 0.408569
369 0.409605
370 0.410625
371 0.411791
372 0.412972
373 0.414140
374 0.415296
375 0.416445
376 0.417589
377 0.418789
378 0.420598
379 0.422407
380 0.424219
381 0.426055
382 0.427909
383 0.429815
384 0.431835
385 0.433857
386 0.435883
387 0.437912
388 0.439945
389 0.441981
390 0.444039
391 0.446269
392 0.448499
393 0.450729
394 0.452961
395 0.455195
396 0.457430
397 0.459668
398 0.461907
399 0.464148
400 0.466389
401 0.468630
402 0.470872
403 0.473114
404 0.475356
405 0.477597
406 0.479837
407 0.482075
408 0.484307
409 0.486536
410 0.488796
411 0.491081
412 0.493475
413 0.495906
414 0.498329
415 0.500745
416 0.503153
417 0.505552
418 0.507943
419 0.510326
420 0.512699
421 0.515062
422 0.517412
423 0.519777
424 0.522137
425 0.524498
426 0.526854
427 0.529198
428 0.531531
429 0.533852
430 0.536161
431 0.538457
432 0.540739
433 0.543008
434 0.545262
435 0.547500
436 0.549917
437 0.552385
438 0.554839
439 0.557280
440 0.559709
441 0.562125
442 0.564534
443 0.566927
444 0.569303
445 0.571800
446 0.574525
447 0.577260
448 0.580080
449 0.582936
450 0.585776
451 0.588600
452 0.591460
453 0.594328
454 0.597177
455 0.600008
456 0.602825
457 0.605625
458 0.608410
459 0.611178
460 0.613928
461 0.616660
462 0.619373
463 0.622066
464 0.624739
465 0.627393
466 0.630036
467 0.632825
468 0.635594
469 0.638427
470 0.641335
471 0.644336
472 0.647309
473 0.650253
474 0.653168
475 0.656054
476 0.658978
477 0.661938
478 0.664878
479 0.667800
480 0.670702
481 0.673584
482 0.676446
483 0.679291
484 0.682121
485 0.684936
486 0.687735
487 0.690520
488 0.693332
489 0.696139
490 0.698957
491 0.702149
492 0.705357
493 0.708703
494 0.712051
495 0.715383
496 0.718701
497 0.722001
498 0.725290
499 0.728574
500 0.731942
501 0.735294
502 0.738630
503 0.741959
504 0.745373
505 0.748784
506 0.752175
507 0.755542
508 0.758888
509 0.762210
510 0.765508
511 0.768782
512 0.772029
513 0.775250
514 0.778446
515 0.781622
516 0.784807
517 0.787961
518 0.791093
519 0.794294
520 0.797561
521 0.800807
522 0.804113
523 0.807737
524 0.811318
525 0.815018
526 0.818832
527 0.822593
528 0.826300
529 0.829955
530 0.833554
531 0.837108
532 0.840812
533 0.844463
534 0.848061
535 0.851605
536 0.855107
537 0.858556
538 0.862105
539 0.865664
540 0.869235
541 0.872745
542 0.876194
543 0.879581
544 0.882902
545 0.886224
546 0.889488
547 0.892685
548 0.895817
549 0.898887
550 0.901897
551 0.904846
552 0.907754
553 0.910603
554 0.913625
555 0.916671
556 0.919652
557 0.922585
558 0.925487
559 0.928334
560 0.931147
561 0.933891
562 0.936566
563 0.939172
564 0.941708
565 0.944665
566 0.947652
567 0.950574
568 0.953419
569 0.956188
570 0.958879
571 0.961490
572 0.964018
573 0.966465
574 0.968829
575 0.971111
576 0.973308
577 0.975420
578 0.977444
579 0.979379
580 0.981222
581 0.982976
582 0.984699
583 0.986358
584 0.987913
585 0.989373
586 0.990738
587 0.992007
588 0.993180
589 0.994257
590 0.995237
591 0.996119
592 0.996902
593 0.997591
594 0.998200
595 0.998721
596 0.999149
597 0.999502
598 0.999778
599 0.999944
600 1.000000
601 0.999943
602 0.999773
603 0.999488
604 0.999084
605 0.998570
606 0.997949
607 0.997213
608 0.996359
609 0.995402
610 0.994337
611 0.993168
612 0.991889
613 0.990493
614 0.988992
615 0.987378
616 0.985663
617 0.983835
618 0.981888
619 0.979946
620 0.977958
621 0.975903
622 0.973747
623 0.971501
624 0.969148
625 0.966688
626 0.964122
627 0.961449
628 0.958669
629 0.955782
630 0.952829
631 0.949816
632 0.946721
633 0.943616
634 0.940462
635 0.937197
636 0.933883
637 0.930491
638 0.927007
639 0.923847
640 0.920839
641 0.917745
642 0.914715
643 0.911668
644 0.908538
645 0.905325
646 0.902030
647 0.898650
648 0.895200
649 0.891687
650 0.888193
651 0.884650
652 0.881072
653 0.877523
654 0.873921
655 0.870244
656 0.866493
657 0.862666
658 0.858752
659 0.854747
660 0.850718
661 0.846628
662 0.842716
663 0.838757
664 0.834711
665 0.830572
666 0.826338
667 0.822005
668 0.817573
669 0.813041
670 0.808407
671 0.803669
672 0.798827
673 0.793881
674 0.789181
675 0.784399
676 0.779538
677 0.774574
678 0.769506
679 0.764427
680 0.759342
681 0.754177
682 0.749154
683 0.744083
684 0.739125
685 0.734085
686 0.728963
687 0.723761
688 0.718834
689 0.713957
690 0.709017
691 0.704017
692 0.698957
693 0.694156
694 0.689700
695 0.685303
696 0.681150
697 0.676951
698 0.672685
699 0.668350
700 0.663951
701 0.659553
702 0.655126
703 0.650637
704 0.646085
705 0.641468
706 0.636785
707 0.632036
708 0.627225
709 0.622352
710 0.617422
711 0.612431
712 0.607377
713 0.602259
714 0.597078
715 0.591830
716 0.586508
717 0.581167
718 0.576181
719 0.571414
720 0.566950
721 0.562654
722 0.558483
723 0.554485
724 0.550541
725 0.546571
726 0.542574
727 0.538755
728 0.535413
729 0.532036
730 0.528625
731 0.525179
732 0.521697
733 0.518187
734 0.514652
735 0.511158
736 0.507701
737 0.504351
738 0.500978
739 0.497581
740 0.494446
741 0.491782
742 0.489208
743 0.486634
744 0.484054
745 0.481483
746 0.479099
747 0.476730
748 0.474368
749 0.471996
750 0.469612
751 0.467233
752 0.464878
753 0.462518
754 0.460343
755 0.458306
756 0.456281
757 0.454236
758 0.452179
759 0.450098
760 0.447983
761 0.445833
762 0.443652
763 0.441439
764 0.439197
765 0.436925
766 0.434623
767 0.432295
768 0.429939
769 0.427545
770 0.425114
771 0.422674
772 0.420209
773 0.417709
774 0.415172
775 0.412599
776 0.409991
777 0.407347
778 0.404668
779 0.401951
780 0.399194
781 0.396445
782 0.393721
783 0.390965
784 0.388178
785 0.385352
786 0.382488
787 0.379586
788 0.376646
789 0.373669
790 0.370655
791 0.367604
792 0.364590
793 0.361633
794 0.358642
795 0.355617
796 0.352558
797 0.349465
798 0.346339
799 0.343180
800 0.339985
801 0.336753
802 0.333705
803 0.330814
804 0.327892
805 0.324938
806 0.321953
807 0.318941
808 0.315964
809 0.312984
810 0.309981
811 0.306957
812 0.303913
813 0.300851
814 0.297770
815 0.294668
816 0.291546
817 0.288405
818 0.285248
819 0.282075
820 0.278936
821 0.275787
822 0.272637
823 0.269475
824 0.266436
825 0.263485
826 0.260532
827 0.257574
828 0.254612
829 0.251647
830 0.248873
831 0.246314
832 0.243759
833 0.241211
834 0.238670
835 0.236136
836 0.233608
837 0.231085
838 0.228562
839 0.226021
840 0.223445
841 0.220836
842 0.218196
843 0.215529
844 0.212835
845 0.210113
846 0.207360
847 0.204580
848 0.201775
849 0.198947
850 0.196298
851 0.193782
852 0.191246
853 0.188689
854 0.186114
855 0.183818
856 0.181906
857 0.180278
858 0.178630
859 0.176957
860 0.175259
861 0.173539
862 0.171797
863 0.170034
864 0.168249
865 0.166434
866 0.164586
867 0.162704
868 0.160793
869 0.158855
870 0.156892
871 0.154898
872 0.152884
873 0.150954
874 0.149424
875 0.148187
876 0.147248
877 0.146361
878 0.146001
879 0.145608
880 0.145185
881 0.144726
882 0.144498
883 0.144392
884 0.144249
885 0.144070
886 0.143852
887 0.143599
888 0.143325
889 0.143018
890 0.142678
891 0.142322
892 0.142151
893 0.142201
894 0.142272
895 0.142359
896 0.142458
897 0.142518
898 0.142540
899 0.142522
900 0.142462
901 0.142360
902 0.142216
903 0.142030
904 0.141799
905 0.141518
906 0.141188
907 0.140883
908 0.140902
909 0.140942
910 0.140941
911 0.140899
912 0.140818
913 0.140699
914 0.140542
915 0.140345
916 0.140112
917 0.139841
918 0.139534
919 0.139202
920 0.138884
921 0.138526
922 0.138127
923 0.137686
924 0.137206
925 0.136686
926 0.136127
927 0.135567
928 0.135015
929 0.134449
930 0.134123
931 0.133772
932 0.133398
933 0.133010
934 0.132597
935 0.132159
936 0.131697
937 0.131223
938 0.130741
939 0.130334
940 0.129907
941 0.129458
942 0.128984
943 0.128484
944 0.127958
945 0.127390
946 0.126782
947 0.126135
948 0.125450
949 0.124728
950 0.123970
951 0.123176
952 0.122347
953 0.121482
954 0.120584
955 0.119653
956 0.118690
957 0.117693
958 0.116660
959 0.115592
960 0.114490
961 0.113359
962 0.112679
963 0.111964
964 0.111275
965 0.110579
966 0.109841
967 0.109058
968 0.108241
969 0.107381
970 0.106473
971 0.105625
972 0.104818
973 0.103969
974 0.103076
975 0.102141
976 0.101313
977 0.100456
978 0.099568
979 0.098650
980 0.097703
981 0.096758
982 0.095804
983 0.094823
984 0.093816
985 0.092783
986 0.091722
987 0.090632
988 0.089512
989 0.088361
990 0.087180
991 0.085972
992 0.084739
993 0.083482
994 0.082205
995 0.080909
996 0.079598
997 0.078572
998 0.077646
999 0.076699


0 0.000000
1 0.254079
2 0.230578
3 0.212138
4 0.200269
5 0.192068
6 0.183585
7 0.175949
8 0.169085
9 0.164050
10 0.159313
11 0.154907
12 0.150903
13 0.147523
14 0.144383
15 0.141387
16 0.138409
17 0.135434
18 0.132500
19 0.129579
20 0.126664
21 0.123762
22 0.121066
23 0.118657
24 0.116291
25 0.113998
26 0.111715
27 0.109446
28 0.107693
29 0.105921
30 0.104138
31 0.102729
32 0.101595
33 0.100589
34 0.099644
35 0.098809
36 0.098298
37 0.097799
38 0.097459
39 0.097178
40 0.097143
41 0.097342
42 0.097540
43 0.097720
44 0.097876
45 0.098002
46 0.098078
47 0.098106
48 0.098599
49 0.099125
50 0.099607
51 0.100053
52 0.100468
53 0.100857
54 0.101221
55 0.101561
56 0.101878
57 0.102249
58 0.102670
59 0.103070
60 0.103450
61 0.103810
62 0.104151
63 0.104704
64 0.105408
65 0.106226
66 0.107056
67 0.107892
68 0.108726
69 0.109533
70 0.110302
71 0.111035
72 0.111729
73 0.112380
74 0.112972
75 0.113506
76 0.113978
77 0.114566
78 0.115205
79 0.115821
80 0.116398
81 0.116905
82 0.117343
83 0.117711
84 0.118011
85 0.118240
86 0.118395
87 0.118476
88 0.118486
89 0.118427
90 0.118303
91 0.118127
92 0.117956
93 0.117719
94 0.117422
95 0.117064
96 0.116649
97 0.116179
98 0.115654
99 0.115092
100 0.114663
101 0.114182
102 0.113682
103 0.113184
104 0.112612
105 0.111961
106 0.111233
107 0.110436
108 0.109614
109 0.108803
110 0.107979
111 0.107107
112 0.106285
113 0.105610
114 0.104976
115 0.104471
116 0.104075
117 0.103640
118 0.103205
119 0.102833
120 0.102445
121 0.102165
122 0.101919
123 0.101644
124 0.101354
125 0.101129
126 0.101131
127 0.101113
128 0.101075
129 0.101020
130 0.100948
131 0.101126
132 0.101330
133 0.101518
134 0.101688
135 0.101842
136 0.101977
137 0.102089
138 0.102179
139 0.102243
140 0.102282
141 0.102297
142 0.102288
143 0.102258
144 0.102207
145 0.102131
146 0.102065
147 0.101996
148 0.101948
149 0.101966
150 0.102148
151 0.102313
152 0.102459
153 0.102582
154 0.102683
155 0.102759
156 0.102809
157 0.102831
158 0.102820
159 0.102835
160 0.102881
161 0.102903
162 0.102901
163 0.102875
164 0.102827
165 0.102757
166 0.102666
167 0.102555
168 0.102423
169 0.102272
170 0.102101
171 0.101910
172 0.101752
173 0.101574
174 0.101370
175 0.101138
176 0.100874
177 0.100576
178 0.100241
179 0.099867
180 0.099456
181 0.099009
182 0.098528
183 0.098013
184 0.097463
185 0.096879
186 0.096263
187 0.095614
188 0.094932
189 0.094381
190 0.093892
191 0.093381
192 0.092850
193 0.092299
194 0.091812
195 0.091314
196 0.090800
197 0.090271
198 0.089727
199 0.089168
200 0.088597
201 0.088038
202 0.087623
203 0.087186
204 0.086727
205 0.086247
206 0.085884
207 0.085604
208 0.085651
209 0.085679
210 0.085690
211 0.085684
212 0.085658
213 0.085614
214 0.085553
215 0.085494
216 0.085526
217 0.085545
218 0.085551
219 0.085547
220 0.085531
221 0.085505
222 0.085464
223 0.085410
224 0.085701
225 0.086226
226 0.086741
227 0.087248
228 0.087745
229 0.088234
230 0.088712
231 0.089178
232 0.089630
233 0.090071
234 0.090499
235 0.090915
236 0.091320
237 0.091737
238 0.092517
239 0.093281
240 0.094029
241 0.094764
242 0.095486
243 0.096197
244 0.096898
245 0.097756
246 0.098650
247 0.099537
248 0.100415
249 0.101283
250 0.102136
251 0.102976
252 0.104077
253 0.105178
254 0.106406
255 0.107761
256 0.109129
257 0.110673
258 0.112192
259 0.113686
260 0.115157
261 0.116605
262 0.118032
263 0.119440
264 0.120827
265 0.122193
266 0.123538
267 0.124863
268 0.126165
269 0.127447
270 0.128707
271 0.129945
272 0.131161
273 0.132356
274 0.133529
275 0.134679
276 0.135807
277 0.136910
278 0.137989
279 0.139044
280 0.140073
281 0.141076
282 0.142051
283 0.142997
284 0.143910
285 0.144792
286 0.145641
287 0.146455
288 0.147232
289 0.147974
290 0.148681
291 0.149353
292 0.149990
293 0.150592
294 0.151157
295 0.151684
296 0.152172
297 0.152623
298 0.153036
299 0.153411
300 0.153747
301 0.154046
302 0.154309
303 0.154534
304 0.154723
305 0.154876
306 0.154992
307 0.155074
308 0.155123
309 0.155138
310 0.155270
311 0.155415
312 0.155530
313 0.155616
314 0.155676
315 0.155710
316 0.155718
317 0.155702
318 0.155657
319 0.155577
320 0.155463
321 0.155316
322 0.155176
323 0.155209
324 0.155211
325 0.155181
326 0.155121
327 0.155028
328 0.154904
329 0.154751
330 0.154568
331 0.154356
332 0.154117
333 0.153851
334 0.153646
335 0.153496
336 0.153322
337 0.153126
338 0.152905
339 0.152659
340 0.152387
341 0.152093
342 0.151777
343 0.151441
344 0.151087
345 0.150715
346 0.150329
347 0.149929
348 0.149516
349 0.149090
350 0.148650
351 0.148196
352 0.147917
353 0.147644
354 0.147365
355 0.147118
356 0.146988
357 0.146872
358 0.146735
359 0.146581
360 0.146416
361 0.146233
362 0.146033
363 0.145816
364 0.145577
365 0.145320
366 0.145045
367 0.144755
368 0.144450
369 0.144132
370 0.143954
371 0.143837
372 0.143702
373 0.143552
374 0.143389
375 0.143214
376 0.143030
377 0.142836
378 0.142633
379 0.142424
380 0.142210
381 0.141991
382 0.141769
383 0.141544
384 0.141316
385 0.141088
386 0.140859
387 0.140633
388 0.140407
389 0.140182
390 0.140004
391 0.139988
392 0.139975
393 0.139966
394 0.139962
395 0.139962
396 0.139968
397 0.139978
398 0.139995
399 0.140017
400 0.140041
401 0.140080
402 0.140133
403 0.140188
404 0.140244
405 0.140302
406 0.140362
407 0.140433
408 0.140538
409 0.140644
410 0.140752
411 0.140914
412 0.141201
413 0.141495
414 0.141795
415 0.142100
416 0.142412
417 0.142729
418 0.143053
419 0.143384
420 0.143722
421 0.144133
422 0.144566
423 0.145005
424 0.145452
425 0.145905
426 0.146364
427 0.146899
428 0.147496
429 0.148101
430 0.148715
431 0.149337
432 0.149967
433 0.150606
434 0.151253
435 0.151909
436 0.152573
437 0.153242
438 0.153915
439 0.154594
440 0.155280
441 0.155974
442 0.156675
443 0.157385
444 0.158103
445 0.158948
446 0.159998
447 0.161072
448 0.162220
449 0.163409
450 0.164605
451 0.165809
452 0.167020
453 0.168238
454 0.169463
455 0.170696
456 0.171936
457 0.173181
458 0.174430
459 0.175683
460 0.176942
461 0.178206
462 0.179475
463 0.180750
464 0.182026
465 0.183302
466 0.184579
467 0.185854
468 0.187125
469 0.188392
470 0.189648
471 0.190891
472 0.192120
473 0.193334
474 0.194535
475 0.195722
476 0.196918
477 0.198118
478 0.199305
479 0.200479
480 0.201640
481 0.202787
482 0.203919
483 0.205039
484 0.206144
485 0.207236
486 0.208312
487 0.209375
488 0.210424
489 0.211458
490 0.212475
491 0.213477
492 0.214460
493 0.215424
494 0.216370
495 0.217298
496 0.218207
497 0.219098
498 0.219972
499 0.220830
500 0.221673
501 0.222499
502 0.223308
503 0.224102
504 0.224877
505 0.225632
506 0.226366
507 0.227079
508 0.227772
509 0.228445
510 0.229099
511 0.229733
512 0.230348
513 0.230944
514 0.231520
515 0.232075
516 0.232607
517 0.233114
518 0.233595
519 0.234050
520 0.234524
521 0.235089
522 0.235688
523 0.236554
524 0.237394
525 0.238467
526 0.239748
527 0.241007
528 0.242242
529 0.243454
530 0.244640
531 0.245800
532 0.246940
533 0.248057
534 0.249150
535 0.250219
536 0.251273
537 0.252443
538 0.253598
539 0.254750
540 0.255944
541 0.257114
542 0.258261
543 0.259384
544 0.260482
545 0.261554
546 0.262623
547 0.263694
548 0.264744
549 0.265769
550 0.266770
551 0.267749
552 0.268805
553 0.269845
554 0.271088
555 0.272397
556 0.273691
557 0.274969
558 0.276230
559 0.277469
560 0.278688
561 0.279888
562 0.281070
563 0.282235
564 0.283407
565 0.284919
566 0.286468
567 0.288004
568 0.289525
569 0.291064
570 0.292598
571 0.294118
572 0.295625
573 0.297120
574 0.298604
575 0.300078
576 0.301542
577 0.302996
578 0.304440
579 0.305874
580 0.307304
581 0.308745
582 0.310280
583 0.311865
584 0.313444
585 0.315013
586 0.316570
587 0.318114
588 0.319648
589 0.321198
590 0.322749
591 0.324289
592 0.325820
593 0.327343
594 0.328850
595 0.330344
596 0.331824
597 0.333602
598 0.335749
599 0.337877
600 0.339985
601 0.342073
602 0.344139
603 0.346182
604 0.348201
605 0.350198
606 0.352171
607 0.354119
608 0.356043
609 0.357942
610 0.359817
611 0.361682
612 0.363713
613 0.365729
614 0.367738
615 0.369736
616 0.371709
617 0.373654
618 0.375568
619 0.377455
620 0.379435
621 0.381411
622 0.383435
623 0.385827
624 0.388281
625 0.390719
626 0.393141
627 0.395548
628 0.397940
629 0.400320
630 0.402909
631 0.405499
632 0.408087
633 0.410672
634 0.413254
635 0.415836
636 0.418418
637 0.421002
638 0.423587
639 0.426176
640 0.428770
641 0.431454
642 0.434205
643 0.436955
644 0.439696
645 0.442433
646 0.445179
647 0.447914
648 0.450640
649 0.453358
650 0.456066
651 0.458765
652 0.461480
653 0.464265
654 0.467040
655 0.469802
656 0.472549
657 0.475662
658 0.479013
659 0.482349
660 0.485673
661 0.488990
662 0.492408
663 0.496012
664 0.499956
665 0.503885
666 0.507792
667 0.511682
668 0.515555
669 0.519529
670 0.523558
671 0.527560
672 0.531533
673 0.535477
674 0.539390
675 0.543271
676 0.547150
677 0.551003
678 0.554825
679 0.558628
680 0.562425
681 0.566183
682 0.569904
683 0.573582
684 0.577216
685 0.580801
686 0.584348
687 0.587872
688 0.591360
689 0.594798
690 0.598184
691 0.601519
692 0.604801
693 0.608030
694 0.611306
695 0.615054
696 0.619078
697 0.623212
698 0.627565
699 0.632098
700 0.636575
701 0.641058
702 0.645588
703 0.650114
704 0.654607
705 0.659023
706 0.663363
707 0.667625
708 0.671809
709 0.675957
710 0.680367
711 0.684867
712 0.689568
713 0.694171
714 0.698749
715 0.704072
716 0.709285
717 0.714387
718 0.719388
719 0.724295
720 0.729106
721 0.734225
722 0.739455
723 0.744604
724 0.749674
725 0.754660
726 0.759564
727 0.764387
728 0.769133
729 0.773803
730 0.778398
731 0.783196
732 0.788058
733 0.792835
734 0.797529
735 0.802201
736 0.806830
737 0.811378
738 0.815844
739 0.820225
740 0.824521
741 0.828761
742 0.833200
743 0.837579
744 0.841869
745 0.846069
746 0.850180
747 0.854278
748 0.858337
749 0.862324
750 0.866401
751 0.870379
752 0.874296
753 0.878295
754 0.882208
755 0.886027
756 0.889845
757 0.893691
758 0.897589
759 0.901581
760 0.905462
761 0.909381
762 0.913297
763 0.917098
764 0.920786
765 0.924394
766 0.928037
767 0.931681
768 0.935292
769 0.938787
770 0.942185
771 0.945490
772 0.948749
773 0.952019
774 0.955175
775 0.958218
776 0.961147
777 0.963962
778 0.966662
779 0.969268
780 0.971856
781 0.974476
782 0.976966
783 0.979325
784 0.981552
785 0.983707
786 0.985751
787 0.987658
788 0.989428
789 0.991061
790 0.992554
791 0.993940
792 0.995187
793 0.996296
794 0.997265
795 0.998091
796 0.998771
797 0.999303
798 0.999686
799 0.999921
800 1.000000
801 0.999920
802 0.999685
803 0.999325
804 0.998816
805 0.998157
806 0.997347
807 0.996410
808 0.995354
809 0.994162
810 0.992816
811 0.991313
812 0.989651
813 0.987831
814 0.985849
815 0.983697
816 0.981373
817 0.978879
818 0.976253
819 0.973481
820 0.970595
821 0.967549
822 0.964368
823 0.961037
824 0.957721
825 0.954365
826 0.950919
827 0.947323
828 0.943572
829 0.939666
830 0.935605
831 0.931386
832 0.927003
833 0.922483
834 0.917826
835 0.913073
836 0.908222
837 0.903283
838 0.898339
839 0.893234
840 0.887964
841 0.882532
842 0.876941
843 0.871195
844 0.865294
845 0.859235
846 0.853025
847 0.846666
848 0.840161
849 0.833516
850 0.826794
851 0.820187
852 0.813631
853 0.807278
854 0.801166
855 0.795376
856 0.789702
857 0.784170
858 0.778581
859 0.772868
860 0.767034
861 0.761079
862 0.755007
863 0.748818
864 0.742507
865 0.736063
866 0.729477
867 0.722749
868 0.716077
869 0.709287
870 0.702404
871 0.695431
872 0.688462
873 0.681395
874 0.674835
875 0.668602
876 0.662561
877 0.656507
878 0.650724
879 0.644904
880 0.638991
881 0.633032
882 0.627280
883 0.621798
884 0.616287
885 0.610702
886 0.605042
887 0.599525
888 0.594048
889 0.588580
890 0.583053
891 0.577469
892 0.572063
893 0.567021
894 0.562057
895 0.557145
896 0.552602
897 0.548015
898 0.543387
899 0.538707
900 0.533970
901 0.529172
902 0.524315
903 0.519535
904 0.514739
905 0.509879
906 0.504966
907 0.500513
908 0.496886
909 0.493218
910 0.489501
911 0.485739
912 0.481933
913 0.478085
914 0.474196
915 0.470268
916 0.466302
917 0.462301
918 0.458263
919 0.454226
920 0.450330
921 0.446442
922 0.442519
923 0.438624
924 0.434801
925 0.430946
926 0.427062
927 0.423148
928 0.419204
929 0.415237
930 0.411554
931 0.407883
932 0.404184
933 0.400457
934 0.396705
935 0.392928
936 0.389127
937 0.385550
938 0.381978
939 0.378388
940 0.374919
941 0.371778
942 0.368696
943 0.365611
944 0.362485
945 0.359330
946 0.356166
947 0.352949
948 0.349680
949 0.346358
950 0.342986
951 0.339587
952 0.336125
953 0.332600
954 0.329014
955 0.325369
956 0.322021
957 0.319041
958 0.316004
959 0.312910
960 0.309761
961 0.306581
962 0.303375
963 0.300148
964 0.296862
965 0.293518
966 0.290122
967 0.286669
968 0.283207
969 0.279787
970 0.276431
971 0.273007
972 0.269509
973 0.265939
974 0.262299
975 0.258815
976 0.255501
977 0.252248
978 0.249009
979 0.245753
980 0.242447
981 0.239141
982 0.235819
983 0.232558
984 0.229318
985 0.226031
986 0.222700
987 0.219326
988 0.215905
989 0.212437
990 0.208922
991 0.205362
992 0.201780
993 0.198350
994 0.194896
995 0.191406
996 0.187882
997 0.185076
998 0.182422
999 0.179726


